outlier20 = 1.0
outlier5 = 1.0
outlier9 = 1.0
outlier10 = 1.0
outlier8 = 1.0
noise = 0.16602971902236358
outlier2 = 1.0
outlier6 = 1.0
proboutlier = 0.6018642180777983
outlier19 = 1.0
outlier16 = 1.0
outlier4 = 0.0
outlier11 = 0.0
outlier15 = 1.0
outlier13 = 1.0
outlier3 = 1.0
outlier7 = 0.0
outlier18 = 1.0
outlier17 = 1.0
outlier14 = 1.0
outlier1 = 1.0
outlier12 = 1.0
