outlier20 = 0.0
outlier5 = 0.0
outlier9 = 1.0
outlier10 = 0.0
outlier8 = 1.0
noise = 0.869035163985855
outlier2 = 1.0
outlier6 = 1.0
proboutlier = 0.512258030579508
outlier19 = 1.0
outlier16 = 1.0
outlier4 = 0.0
outlier11 = 1.0
outlier15 = 0.0
outlier13 = 0.0
outlier3 = 1.0
outlier7 = 1.0
outlier18 = 1.0
outlier17 = 1.0
outlier14 = 1.0
outlier1 = 1.0
outlier12 = 0.0
