outlier20 = 0.0
outlier5 = 0.0
outlier9 = 1.0
outlier10 = 1.0
outlier8 = 1.0
noise = 0.37094048839483584
outlier2 = 0.0
outlier6 = 0.0
proboutlier = 0.1850963164802496
outlier19 = 0.0
outlier16 = 0.0
outlier4 = 0.0
outlier11 = 1.0
outlier15 = 0.0
outlier13 = 0.0
outlier3 = 0.0
outlier7 = 0.0
outlier18 = 0.0
outlier17 = 0.0
outlier14 = 1.0
outlier1 = 0.0
outlier12 = 1.0
