outlier20 = 1.0
outlier5 = 0.0
outlier9 = 0.0
outlier10 = 0.0
outlier8 = 0.0
noise = 0.4793801699730429
outlier2 = 1.0
outlier6 = 1.0
proboutlier = 0.2938018127561066
outlier19 = 0.0
outlier16 = 0.0
outlier4 = 1.0
outlier11 = 1.0
outlier15 = 0.0
outlier13 = 0.0
outlier3 = 0.0
outlier7 = 1.0
outlier18 = 1.0
outlier17 = 1.0
outlier14 = 1.0
outlier1 = 1.0
outlier12 = 0.0
