outlier20 = 1.0
outlier5 = 1.0
outlier9 = 0.0
outlier10 = 0.0
outlier8 = 1.0
noise = 0.3194157798231093
outlier2 = 1.0
outlier6 = 1.0
proboutlier = 0.7911424483651774
outlier19 = 1.0
outlier16 = 0.0
outlier4 = 0.0
outlier11 = 1.0
outlier15 = 0.0
outlier13 = 1.0
outlier3 = 1.0
outlier7 = 1.0
outlier18 = 0.0
outlier17 = 1.0
outlier14 = 1.0
outlier1 = 0.0
outlier12 = 1.0
