outlier20 = 1.0
outlier5 = 1.0
outlier9 = 1.0
outlier10 = 1.0
outlier8 = 1.0
noise = 0.4057613102711285
outlier2 = 0.0
outlier6 = 1.0
proboutlier = 0.4962846966418968
outlier19 = 0.0
outlier16 = 1.0
outlier4 = 1.0
outlier11 = 1.0
outlier15 = 1.0
outlier13 = 0.0
outlier3 = 1.0
outlier7 = 1.0
outlier18 = 1.0
outlier17 = 1.0
outlier14 = 1.0
outlier1 = 0.0
outlier12 = 1.0
