outlier20 = 1.0
outlier5 = 0.0
outlier9 = 1.0
outlier10 = 1.0
outlier8 = 0.0
noise = 0.9798829127758975
outlier2 = 1.0
outlier6 = 0.0
proboutlier = 0.5493985390959152
outlier19 = 0.0
outlier16 = 1.0
outlier4 = 1.0
outlier11 = 1.0
outlier15 = 1.0
outlier13 = 1.0
outlier3 = 1.0
outlier7 = 0.0
outlier18 = 1.0
outlier17 = 1.0
outlier14 = 1.0
outlier1 = 1.0
outlier12 = 1.0
