outlier20 = 0.0
outlier5 = 0.0
outlier9 = 1.0
outlier10 = 1.0
outlier8 = 1.0
noise = 0.16602971902236358
outlier2 = 1.0
outlier6 = 1.0
outlier19 = 1.0
outlier16 = 1.0
outlier4 = 0.0
outlier11 = 0.0
outlier15 = 1.0
outlier13 = 1.0
outlier3 = 1.0
outlier7 = 0.0
slope = -1.613704652013428
outlier18 = 1.0
outlier17 = 1.0
intercept = 1.0629535075663925
outlier14 = 1.0
outlier1 = 0.0
outlier12 = 1.0
